1.0 8.0 1000.0 0.9873866438865662 0.012467388063669205 1.459129125578329E-4 
1.0 8.0 1001.0 0.9900915622711182 0.00983454193919897 7.390752580249682E-5 
1.0 8.0 1002.0 0.9813401103019714 0.018543047830462456 1.168637681985274E-4 
1.0 8.0 1003.0 0.9936622381210327 0.006298269610852003 3.939922680729069E-5 
1.0 8.0 1004.0 0.9924020767211914 0.007549144793301821 4.870118937105872E-5 
1.0 8.0 1005.0 0.9961993098258972 0.0037659932859241962 3.471449235803448E-5 
1.0 8.0 1006.0 0.99760901927948 0.0023749780375510454 1.590198553458322E-5 
1.0 8.0 1007.0 0.9975298047065735 0.0024583181366324425 1.1862740393553395E-5 
1.0 8.0 1008.0 0.9858936071395874 0.014046638272702694 5.975368185318075E-5 
1.0 8.0 1009.0 0.9907267093658447 0.009238313883543015 3.500897946651094E-5 
1.0 8.0 1010.0 0.9899769425392151 0.009999923408031464 2.3074298951542005E-5 
1.0 8.0 1011.0 0.9869972467422485 0.012961293570697308 4.147033905610442E-5 
1.0 8.0 1012.0 0.990293025970459 0.009692528285086155 1.445854013581993E-5 
1.0 8.0 1013.0 0.9852801561355591 0.01469302549958229 2.6850264475797303E-5 
1.0 8.0 1014.0 0.9872409701347351 0.012720553204417229 3.850937355309725E-5 
1.0 8.0 1015.0 0.9782848954200745 0.02165442705154419 6.0661568568320945E-5 
1.0 8.0 1016.0 0.9370728731155396 0.0628129094839096 1.1414549226174131E-4 
1.0 8.0 1017.0 0.9569185376167297 0.04301042854785919 7.101752999005839E-5 
1.0 8.0 1018.0 0.9544250965118408 0.04550207406282425 7.280671707121655E-5 
1.0 8.0 1019.0 0.9448881149291992 0.05490166321396828 2.1022837609052658E-4 
1.0 8.0 1020.0 0.9488723874092102 0.05088097229599953 2.466198930051178E-4 
1.0 8.0 1021.0 0.9458897113800049 0.05395583063364029 1.5445708413608372E-4 
1.0 8.0 1022.0 0.9782018661499023 0.021671446040272713 1.2675783364102244E-4 
1.0 8.0 1023.0 0.9797176718711853 0.0201073307543993 1.7510951147414744E-4 
1.0 8.0 1024.0 0.979176938533783 0.020561063662171364 2.6191811775788665E-4 
1.0 8.0 1025.0 0.9856511950492859 0.014193694107234478 1.551553577883169E-4 
1.0 8.0 1026.0 0.9977335929870605 0.002228234661743045 3.8213765947148204E-5 
1.0 8.0 1027.0 0.9958654642105103 0.004004946909844875 1.2959504965692759E-4 
1.0 8.0 1028.0 0.9945908784866333 0.005278377328068018 1.307821221416816E-4 
1.0 8.0 1029.0 0.9944539666175842 0.005350850056856871 1.9512992003001273E-4 
1.0 8.0 1030.0 0.9970511198043823 0.0028375983238220215 1.1125602759420872E-4 
1.0 8.0 1031.0 0.9955909252166748 0.004282766953110695 1.26322585856542E-4 
1.0 8.0 1032.0 0.9955488443374634 0.004288937896490097 1.622214913368225E-4 
1.0 8.0 1033.0 0.9947172999382019 0.005105746444314718 1.769669761415571E-4 
1.0 8.0 1034.0 0.9963812828063965 0.003552726935595274 6.596312596229836E-5 
1.0 8.0 1035.0 0.99456787109375 0.005226589273661375 2.0560769189614803E-4 
1.0 8.0 1036.0 0.9909396171569824 0.008782738819718361 2.77550338068977E-4 
1.0 8.0 1037.0 0.9951030015945435 0.004759862087666988 1.3717589899897575E-4 
1.0 8.0 1038.0 0.9965851306915283 0.0033282083459198475 8.659372542751953E-5 
1.0 8.0 1039.0 0.9962115287780762 0.0037170378491282463 7.150194142013788E-5 
1.0 8.0 1040.0 0.9963995218276978 0.0035345072392374277 6.588134419871494E-5 
1.0 8.0 1041.0 0.9969511032104492 0.0030089570209383965 3.9937203837325796E-5 
1.0 8.0 1042.0 0.9977250695228577 0.0022123497910797596 6.258518260437995E-5 
1.0 8.0 1043.0 0.9976656436920166 0.0022193423938006163 1.1500024265842512E-4 
1.0 8.0 1044.0 0.9985573887825012 0.0013367157662287354 1.0589822340989485E-4 
1.0 8.0 1045.0 0.9953324198722839 0.0044006407260894775 2.6699216687120497E-4 
1.0 8.0 1046.0 0.9966681599617004 0.003195772645995021 1.360246678814292E-4 
1.0 8.0 1047.0 0.9959521293640137 0.0038636059034615755 1.8429681949783117E-4 
1.0 8.0 1048.0 0.9982182383537292 0.0016868016682565212 9.501076419837773E-5 
1.0 8.0 1049.0 0.998450756072998 0.001513976720161736 3.521677717799321E-5 
1.0 8.0 1050.0 0.9973846077919006 0.0025787001941353083 3.6764507967745885E-5 
1.0 8.0 1051.0 0.9987974166870117 0.001188310096040368 1.4299628674052656E-5 
1.0 8.0 1052.0 0.9986407160758972 0.0013457793975248933 1.3412155567493755E-5 
1.0 8.0 1053.0 0.9987452030181885 0.00123874272685498 1.610033905308228E-5 
1.0 8.0 1054.0 0.9987496137619019 0.0012275524204596877 2.2897724193171598E-5 
1.0 8.0 1055.0 0.9986757636070251 0.0013005431974306703 2.364870670135133E-5 
1.0 8.0 1056.0 0.9985989928245544 0.0013696516398340464 3.135337101412006E-5 
1.0 8.0 1057.0 0.9981092214584351 0.001853210269473493 3.764639041037299E-5 
1.0 8.0 1058.0 0.9986221790313721 0.0013504296075552702 2.7337648134562187E-5 
1.0 8.0 1059.0 0.9986490607261658 0.001329335616901517 2.161192605854012E-5 
1.0 8.0 1060.0 0.9990455508232117 9.386206511408091E-4 1.5876918041612953E-5 
1.0 8.0 1061.0 0.9985864162445068 0.0013952321605756879 1.8374861610936932E-5 
1.0 8.0 1062.0 0.9989847540855408 9.94341098703444E-4 2.089620647893753E-5 
1.0 8.0 1063.0 0.9989719390869141 0.0010135234333574772 1.4498965356324334E-5 
1.0 8.0 1064.0 0.9985790252685547 0.0014046187279745936 1.63140102813486E-5 
1.0 8.0 1065.0 0.9983221888542175 0.0016557356575503945 2.203281837864779E-5 
1.0 8.0 1066.0 0.9982957243919373 0.0016860930481925607 1.816031726775691E-5 
1.0 8.0 1067.0 0.9984230995178223 0.001554196234792471 2.271635275974404E-5 
1.0 8.0 1068.0 0.9984775185585022 0.001506738131865859 1.5728737707831897E-5 
1.0 8.0 1069.0 0.9973397850990295 0.0026290137320756912 3.1124269298743457E-5 
1.0 8.0 1070.0 0.9969273209571838 0.003031625412404537 4.094823816558346E-5 
1.0 8.0 1071.0 0.9975927472114563 0.002361797261983156 4.543790782918222E-5 
1.0 8.0 1072.0 0.9984064698219299 0.0015670845750719309 2.6414747480885126E-5 
1.0 8.0 1073.0 0.9988316893577576 0.001150855328887701 1.751505806169007E-5 
1.0 8.0 1074.0 0.9987884163856506 0.001200178754515946 1.1485621143947355E-5 
1.0 8.0 1075.0 0.9988206028938293 0.0011680563911795616 1.1362443729012739E-5 
1.0 8.0 1076.0 0.9989776611328125 0.0010078842751681805 1.453561162634287E-5 
1.0 8.0 1077.0 0.9994542002677917 5.392455495893955E-4 6.591064448002726E-6 
1.0 8.0 1078.0 0.9992689490318298 7.218694081529975E-4 9.12093400984304E-6 
1.0 8.0 1079.0 0.9987421631813049 0.001246630446985364 1.1233983059355523E-5 
1.0 8.0 1080.0 0.9987515211105347 0.0012308013392612338 1.763371801644098E-5 
1.0 8.0 1081.0 0.999222993850708 7.674188818782568E-4 9.477352250542026E-6 
1.0 8.0 1082.0 0.9994787573814392 5.134400562383235E-4 7.919019481050782E-6 
1.0 8.0 1083.0 0.9988719820976257 0.0011048598680645227 2.3143378712120466E-5 
1.0 8.0 1084.0 0.9988808035850525 0.0011045450810343027 1.4620144611399155E-5 
1.0 8.0 1085.0 0.999138593673706 8.466972503811121E-4 1.4610702237405349E-5 
1.0 8.0 1086.0 0.9992045760154724 7.817859295755625E-4 1.3661197044712026E-5 
1.0 8.0 1087.0 0.9994961023330688 4.938172060064971E-4 1.0030898010882083E-5 
1.0 8.0 1088.0 0.9994764924049377 5.171597003936768E-4 6.364740784192691E-6 
1.0 8.0 1089.0 0.9992793202400208 7.073810556903481E-4 1.3303800187713932E-5 
1.0 8.0 1090.0 0.9993981122970581 5.918002570979297E-4 1.009516927297227E-5 
1.0 8.0 1091.0 0.9991199374198914 8.613448590040207E-4 1.8666825781110674E-5 
1.0 8.0 1092.0 0.9993854761123657 6.068146321922541E-4 7.761277629469987E-6 
1.0 8.0 1093.0 0.9985924363136292 0.0013909831177443266 1.6586574929533526E-5 
1.0 8.0 1094.0 0.9988431930541992 0.0011431077728047967 1.3705353921977803E-5 
1.0 8.0 1095.0 0.999321460723877 6.682695238851011E-4 1.0265108357998542E-5 
1.0 8.0 1096.0 0.9989846348762512 0.001001743134111166 1.3595293239632156E-5 
1.0 8.0 1097.0 0.9990932941436768 8.94896627869457E-4 1.18407360787387E-5 
1.0 8.0 1098.0 0.99913090467453 8.569502970203757E-4 1.2161472113803029E-5 
1.0 8.0 1099.0 0.9994152784347534 5.697750020772219E-4 1.4992406249803025E-5 
1.0 8.0 1100.0 0.9995200634002686 4.6504163765348494E-4 1.4852626918582246E-5 
1.0 8.0 1101.0 0.999626636505127 3.6107993219047785E-4 1.2245641300978605E-5 
1.0 8.0 1102.0 0.9996734857559204 3.1229620799422264E-4 1.4184062820277177E-5 
1.0 8.0 1103.0 0.9996504783630371 3.3749177237041295E-4 1.2011229046038352E-5 
1.0 8.0 1104.0 0.9994792342185974 5.062128766439855E-4 1.4578931768483017E-5 
1.0 8.0 1105.0 0.9994068145751953 5.79209066927433E-4 1.3943802514404524E-5 
1.0 8.0 1106.0 0.9994556307792664 5.325980600900948E-4 1.1779041415138636E-5 
1.0 8.0 1107.0 0.9996210336685181 3.719834494404495E-4 6.930232757440535E-6 
1.0 8.0 1108.0 0.9990240335464478 9.475261904299259E-4 2.8430691600078717E-5 
1.0 8.0 1109.0 0.9993770718574524 6.035138503648341E-4 1.947682540048845E-5 
1.0 8.0 1110.0 0.999459445476532 5.28583419509232E-4 1.2065136616001837E-5 
1.0 8.0 1111.0 0.9995088577270508 4.82402479974553E-4 8.651219104649499E-6 
1.0 8.0 1112.0 0.999693751335144 3.012535162270069E-4 5.048555067332927E-6 
1.0 8.0 1113.0 0.9995424747467041 4.4991011964157224E-4 7.651236046513077E-6 
1.0 8.0 1114.0 0.999487042427063 5.069930921308696E-4 5.993050763208885E-6 
1.0 8.0 1115.0 0.9997559189796448 2.4199203471653163E-4 2.1508033114514546E-6 
1.0 8.0 1116.0 0.9995719790458679 4.2223729542456567E-4 5.801163297292078E-6 
1.0 8.0 1117.0 0.9994726777076721 5.21294423379004E-4 6.057053269614698E-6 
1.0 8.0 1118.0 0.9996484518051147 3.443415043875575E-4 7.183910383901093E-6 
1.0 8.0 1119.0 0.9994169473648071 5.747121176682413E-4 8.29154669190757E-6 
1.0 8.0 1120.0 0.9996052384376526 3.917577851098031E-4 2.9767963951599086E-6 
1.0 8.0 1121.0 0.9997332692146301 2.6462378446012735E-4 2.121112629538402E-6 
1.0 8.0 1122.0 0.9997313618659973 2.666468499228358E-4 2.031874373642495E-6 
1.0 8.0 1123.0 0.9995817542076111 4.14842099417001E-4 3.4884064916695934E-6 
1.0 8.0 1124.0 0.9996253252029419 3.721528628375381E-4 2.5081228613998974E-6 
1.0 8.0 1125.0 0.9997971653938293 2.0147592294961214E-4 1.4020781691215234E-6 
1.0 8.0 1126.0 0.9998007416725159 1.9815412815660238E-4 1.0582753020571545E-6 
1.0 8.0 1127.0 0.9998030066490173 1.955446059582755E-4 1.3998458143760217E-6 
1.0 8.0 1128.0 0.9995885491371155 4.0863853064365685E-4 2.8131955787102925E-6 
1.0 8.0 1129.0 0.9996095299720764 3.890113439410925E-4 1.4804070360696642E-6 
1.0 8.0 1130.0 0.9996974468231201 3.003512683790177E-4 2.3187797069113003E-6 
1.0 8.0 1131.0 0.9997474551200867 2.5152109446935356E-4 1.0623434718581848E-6 
1.0 8.0 1132.0 0.9997932314872742 2.0558958931360394E-4 1.17623892492702E-6 
1.0 8.0 1133.0 0.9997672438621521 2.3101786791812629E-4 1.7618006040720502E-6 
1.0 8.0 1134.0 0.9997559189796448 2.4282450613100082E-4 1.350920001641498E-6 
1.0 8.0 1135.0 0.9997469782829285 2.5158500648103654E-4 1.4569762925020768E-6 
1.0 8.0 1136.0 0.9996483325958252 3.4933583810925484E-4 2.3887369025032967E-6 
1.0 8.0 1137.0 0.9997879862785339 2.1066772751510143E-4 1.2570380931720138E-6 
1.0 8.0 1138.0 0.999680757522583 3.17649042699486E-4 1.727594622025208E-6 
1.0 8.0 1139.0 0.9997978806495667 2.0114162180107087E-4 9.942096994564054E-7 
1.0 8.0 1140.0 0.9996935129165649 3.0451425118371844E-4 1.997445679080556E-6 
1.0 8.0 1141.0 0.9998326301574707 1.666458265390247E-4 7.127634944481542E-7 
1.0 8.0 1142.0 0.9997090697288513 2.892091579269618E-4 1.6990918538795086E-6 
1.0 8.0 1143.0 0.999738872051239 2.5980855571106076E-4 1.3172598301025573E-6 
1.0 8.0 1144.0 0.9997565150260925 2.4229491828009486E-4 1.159882458523498E-6 
1.0 8.0 1145.0 0.9997764229774475 2.2242309933062643E-4 1.2126760111641488E-6 
1.0 8.0 1146.0 0.9998032450675964 1.9566944683901966E-4 1.0740170637291158E-6 
1.0 8.0 1147.0 0.9998289346694946 1.7010288138408214E-4 9.83036102297774E-7 
1.0 8.0 1148.0 0.9998445510864258 1.5425313904415816E-4 1.2511661680036923E-6 
1.0 8.0 1149.0 0.9997443556785583 2.5472650304436684E-4 9.487104080108111E-7 
1.0 8.0 1150.0 0.9998364448547363 1.6219104873016477E-4 1.26606732919754E-6 
1.0 8.0 1151.0 0.9997323155403137 2.660486497916281E-4 1.624004198674811E-6 
1.0 8.0 1152.0 0.9996190071105957 3.7899432936683297E-4 2.0095533272979083E-6 
1.0 8.0 1153.0 0.9997817873954773 2.1688097331207246E-4 1.3420739151115413E-6 
1.0 8.0 1154.0 0.9997065663337708 2.9175568488426507E-4 1.6347914879588643E-6 
1.0 8.0 1155.0 0.9998317956924438 1.6717352264095098E-4 9.798845894692931E-7 
1.0 8.0 1156.0 0.9997983574867249 2.007584407692775E-4 9.953182598110288E-7 
1.0 8.0 1157.0 0.9997983574867249 2.0074121130164713E-4 9.452980407331779E-7 
1.0 8.0 1158.0 0.9998058676719666 1.9287645409349352E-4 1.2644887874557753E-6 
1.0 8.0 1159.0 0.9997825026512146 2.1601252956315875E-4 1.6039664387790253E-6 
1.0 8.0 1160.0 0.999806821346283 1.9206148863304406E-4 1.2304624306125334E-6 
1.0 8.0 1161.0 0.9996470212936401 3.515329153742641E-4 1.405707166668435E-6 
1.0 8.0 1162.0 0.9997377991676331 2.60984874330461E-4 1.1519964573381003E-6 
1.0 8.0 1163.0 0.9998549222946167 1.4434575859922916E-4 6.833265615568962E-7 
1.0 8.0 1164.0 0.9997124075889587 2.859629166778177E-4 1.6054209481808357E-6 
1.0 8.0 1165.0 0.9998160004615784 1.8206427921541035E-4 1.8702618262977921E-6 
1.0 8.0 1166.0 0.9997455477714539 2.5240896502509713E-4 2.0449415387702174E-6 
1.0 8.0 1167.0 0.999618411064148 3.7933781277388334E-4 2.2660335616819793E-6 
1.0 8.0 1168.0 0.9997125267982483 2.8591082082130015E-4 1.6072457356131054E-6 
1.0 8.0 1169.0 0.9996726512908936 3.251807938795537E-4 2.1083112642372726E-6 
1.0 8.0 1170.0 0.9995564818382263 4.4187073945067823E-4 1.7108279735111864E-6 
1.0 8.0 1171.0 0.9996013045310974 3.964147763326764E-4 2.2795175027567893E-6 
1.0 8.0 1172.0 0.9996057152748108 3.917155845556408E-4 2.6161269488511607E-6 
1.0 8.0 1173.0 0.999582827091217 4.142837133258581E-4 2.852824763976969E-6 
1.0 8.0 1174.0 0.9995577931404114 4.3956993613392115E-4 2.6149116365559166E-6 
1.0 8.0 1175.0 0.9997288584709167 2.697636082302779E-4 1.2750448377119028E-6 
1.0 8.0 1176.0 0.9997063279151917 2.9200140852481127E-4 1.6417310462202295E-6 
1.0 8.0 1177.0 0.9996346235275269 3.630267456173897E-4 2.4260361897177063E-6 
1.0 8.0 1178.0 0.9996687173843384 3.29142581904307E-4 2.14064630199573E-6 
1.0 8.0 1179.0 0.9997618794441223 2.365940745221451E-4 1.5456329265362E-6 
1.0 8.0 1180.0 0.9995323419570923 4.6505866339430213E-4 2.566551756899571E-6 
1.0 8.0 1181.0 0.999815046787262 1.8409377662464976E-4 8.81822870724136E-7 
1.0 8.0 1182.0 0.9997544884681702 2.4424228467978537E-4 1.2680417285082513E-6 
1.0 8.0 1183.0 0.9997485280036926 2.492155763320625E-4 2.2287188130576396E-6 
1.0 8.0 1184.0 0.9997406601905823 2.569259377196431E-4 2.3351535674009938E-6 
1.0 8.0 1185.0 0.9997606873512268 2.3574511578772217E-4 3.5390407902013976E-6 
1.0 8.0 1186.0 0.9998277425765991 1.6940623754635453E-4 2.8094527806388214E-6 
1.0 8.0 1187.0 0.9996651411056519 3.3253757283091545E-4 2.4340522486454574E-6 
1.0 8.0 1188.0 0.9997205138206482 2.770485880319029E-4 2.3350996798399137E-6 
1.0 8.0 1189.0 0.9996114373207092 3.857128322124481E-4 2.8337865387584316E-6 
1.0 8.0 1190.0 0.9996167421340942 3.800106351263821E-4 3.1731960916658863E-6 
1.0 8.0 1191.0 0.9996340274810791 3.61952290404588E-4 4.057778369315201E-6 
1.0 8.0 1192.0 0.9994997978210449 4.96202555950731E-4 3.9249389374163E-6 
1.0 8.0 1193.0 0.9997270703315735 2.700362238101661E-4 2.8269503218325553E-6 
1.0 8.0 1194.0 0.9997572302818298 2.4068735365290195E-4 2.013819766943925E-6 
1.0 8.0 1195.0 0.9996753931045532 3.213245654478669E-4 3.3457649806223344E-6 
1.0 8.0 1196.0 0.9994957447052002 4.977677017450333E-4 6.431451765820384E-6 
1.0 8.0 1197.0 0.999681830406189 3.147638344671577E-4 3.513698175083846E-6 
1.0 8.0 1198.0 0.9997556805610657 2.4165942159015685E-4 2.6525758585194126E-6 
1.0 8.0 1199.0 0.9997212290763855 2.7646523085422814E-4 2.272023039040505E-6 
1.0 8.0 1200.0 0.9998272061347961 1.7147089238278568E-4 1.3026516398895183E-6 
1.0 8.0 1201.0 0.9995610117912292 4.343058099038899E-4 4.653817086364143E-6 
1.0 8.0 1202.0 0.9994295239448547 5.657837609760463E-4 4.6172572183422744E-6 
1.0 8.0 1203.0 0.9994791150093079 5.173070821911097E-4 3.6188562262395862E-6 
1.0 8.0 1204.0 0.9992926120758057 7.02255463693291E-4 5.072343356005149E-6 
1.0 8.0 1205.0 0.9996156692504883 3.817809047177434E-4 2.503634505046648E-6 
1.0 8.0 1206.0 0.9997565150260925 2.413680194877088E-4 2.178644990635803E-6 
1.0 8.0 1207.0 0.9996591806411743 3.377767570782453E-4 3.0498506475851173E-6 
1.0 8.0 1208.0 0.9996281862258911 3.695421037264168E-4 2.301501581314369E-6 
1.0 8.0 1209.0 0.9996230602264404 3.7367595359683037E-4 3.2161708531930344E-6 
1.0 8.0 1210.0 0.9996429681777954 3.5258405841886997E-4 4.453650944924448E-6 
1.0 8.0 1211.0 0.9996273517608643 3.6930240457877517E-4 3.3326721222692868E-6 
1.0 8.0 1212.0 0.999647855758667 3.488336515147239E-4 3.3174401323776692E-6 
1.0 8.0 1213.0 0.9995692372322083 4.266746109351516E-4 4.1067228266911115E-6 
1.0 8.0 1214.0 0.9990561604499817 9.322147234342992E-4 1.1695658031385392E-5 
1.0 8.0 1215.0 0.998798131942749 0.0011889622546732426 1.290409272769466E-5 
1.0 8.0 1216.0 0.9993608593940735 6.3195766415447E-4 7.148183613026049E-6 
1.0 8.0 1217.0 0.9996036887168884 3.8830688572488725E-4 7.959048161865212E-6 
1.0 8.0 1218.0 0.9997610449790955 2.3490564490202814E-4 4.065910616191104E-6 
1.0 8.0 1219.0 0.999789297580719 2.0832428708672523E-4 2.3958202746143797E-6 
1.0 8.0 1220.0 0.9997602105140686 2.3710144159849733E-4 2.732606617428246E-6 
1.0 8.0 1221.0 0.9996649026870728 3.3218596945516765E-4 2.826968511726591E-6 
1.0 8.0 1222.0 0.9995918869972229 4.0346159948967397E-4 4.625173460226506E-6 
1.0 8.0 1223.0 0.999461829662323 5.308976978994906E-4 7.264837222464848E-6 
1.0 8.0 1224.0 0.9995139837265015 4.816935397684574E-4 4.24446488977992E-6 
1.0 8.0 1225.0 0.9994812607765198 5.124680465087295E-4 6.256886990740895E-6 
1.0 8.0 1226.0 0.9993300437927246 6.618184852413833E-4 8.227662874560338E-6 
1.0 8.0 1227.0 0.9996516704559326 3.421290311962366E-4 6.245617896638578E-6 
1.0 8.0 1228.0 0.9995848536491394 4.065017565153539E-4 8.672735930304043E-6 
1.0 8.0 1229.0 0.9995778203010559 4.1770373354665935E-4 4.48857144874637E-6 
1.0 8.0 1230.0 0.9994878768920898 5.05580275785178E-4 6.549748377437936E-6 
1.0 8.0 1231.0 0.9992266893386841 7.648819009773433E-4 8.453819646092597E-6 
1.0 8.0 1232.0 0.9992892742156982 7.030643173493445E-4 7.677449502807576E-6 
1.0 8.0 1233.0 0.999397873878479 5.939197726547718E-4 8.274270840047393E-6 
1.0 8.0 1234.0 0.9994841814041138 5.10068261064589E-4 5.73284432903165E-6 
1.0 8.0 1235.0 0.9993724226951599 6.161470664665103E-4 1.1439074114605319E-5 
1.0 8.0 1236.0 0.9989292025566101 0.0010523174423724413 1.8431390344630927E-5 
1.0 8.0 1237.0 0.9989522695541382 0.001034740125760436 1.2979575330973603E-5 
1.0 8.0 1238.0 0.9988837838172913 0.0010952616576105356 2.0927138393744826E-5 
1.0 8.0 1239.0 0.9990639090538025 9.17771365493536E-4 1.8333206753595732E-5 
1.0 8.0 1240.0 0.9992444515228271 7.446276140399277E-4 1.0931093129329383E-5 
1.0 8.0 1241.0 0.9992262125015259 7.656945963390172E-4 8.106535460683517E-6 
1.0 8.0 1242.0 0.9994332194328308 5.579589051194489E-4 8.762999641476199E-6 
1.0 8.0 1243.0 0.999018669128418 9.668070706538856E-4 1.4579705748474225E-5 
1.0 8.0 1244.0 0.9993178844451904 6.6844851244241E-4 1.3663424397236668E-5 
1.0 8.0 1245.0 0.9994764924049377 5.130891804583371E-4 1.047591558744898E-5 
1.0 8.0 1246.0 0.9992380142211914 7.43997108656913E-4 1.7949225366464816E-5 
1.0 8.0 1247.0 0.9993153810501099 6.644896348007023E-4 2.0190909708617255E-5 
1.0 8.0 1248.0 0.9985197186470032 0.0014434070326387882 3.6942798033123836E-5 
1.0 8.0 1249.0 0.9981959462165833 0.001775349024683237 2.8630553060793318E-5 
1.0 8.0 1250.0 0.9990166425704956 9.680478251539171E-4 1.5284047549357638E-5 
1.0 8.0 1251.0 0.9994631409645081 5.288097308948636E-4 8.092828466033097E-6 
1.0 8.0 1252.0 0.9994909763336182 5.01733913552016E-4 7.310788987524575E-6 
1.0 8.0 1253.0 0.9992201328277588 7.739952998235822E-4 5.829252131661633E-6 
1.0 8.0 1254.0 0.9994940757751465 5.02594921272248E-4 3.3614101084822323E-6 
1.0 8.0 1255.0 0.9995241165161133 4.7282144078053534E-4 3.1260856303561013E-6 
1.0 8.0 1256.0 0.9993959665298462 6.02590967901051E-4 1.443218707208871E-6 
1.0 8.0 1257.0 0.9996001124382019 3.983147908002138E-4 1.5139568176891771E-6 
1.0 8.0 1258.0 0.9993739724159241 6.229726714082062E-4 3.0386956950678723E-6 
1.0 8.0 1259.0 0.9990304708480835 9.665603283792734E-4 2.989952236021054E-6 
1.0 8.0 1260.0 0.9994445443153381 5.534124793484807E-4 1.9974434053438017E-6 
1.0 8.0 1261.0 0.9992524981498718 7.451905985362828E-4 2.225048547188635E-6 
1.0 8.0 1262.0 0.9995017051696777 4.965074476785958E-4 1.8371465557720512E-6 
1.0 8.0 1263.0 0.999607264995575 3.9189367089420557E-4 7.883176635914424E-7 
1.0 8.0 1264.0 0.9995847344398499 4.1464160312898457E-4 5.724971288145753E-7 
1.0 8.0 1265.0 0.9996786117553711 3.209516580682248E-4 4.232630317346775E-7 
1.0 8.0 1266.0 0.9995154142379761 4.823210183531046E-4 2.314314997420297E-6 
1.0 8.0 1267.0 0.9973790645599365 0.002603892469778657 1.7138961993623525E-5 
1.0 8.0 1268.0 0.9914577603340149 0.008503938093781471 3.823572478722781E-5 
1.0 8.0 1269.0 0.9590135812759399 0.040358152240514755 6.282000103965402E-4 
1.0 8.0 1270.0 0.9525876641273499 0.04700539633631706 4.0682064718566835E-4 
1.0 8.0 1271.0 0.9900462031364441 0.009818188846111298 1.3564873370341957E-4 
1.0 8.0 1272.0 0.9997308850288391 2.6646017795428634E-4 2.6212849206785904E-6 
1.0 8.0 1273.0 0.9995695948600769 4.2362799285911024E-4 6.815739652665798E-6 
1.0 8.0 1274.0 0.9990984201431274 8.908764575608075E-4 1.0758828466350678E-5 
1.0 8.0 1275.0 0.9994889497756958 5.053862696513534E-4 5.619742296403274E-6 
1.0 8.0 1276.0 0.9995973706245422 3.9705284871160984E-4 5.624227924272418E-6 
1.0 8.0 1277.0 0.9996728897094727 3.2336002914234996E-4 3.8233506529650185E-6 
1.0 8.0 1278.0 0.9994526505470276 5.423047114163637E-4 5.021584001951851E-6 
1.0 8.0 1279.0 0.9996745586395264 3.223857202101499E-4 3.1088000014278805E-6 
1.0 8.0 1280.0 0.9995050430297852 4.903645603917539E-4 4.573822025122354E-6 
1.0 8.0 1281.0 0.9996011853218079 3.942414477933198E-4 4.5955080167914275E-6 
1.0 8.0 1282.0 0.9996196031570435 3.763652057386935E-4 4.071826879226137E-6 
1.0 8.0 1283.0 0.9995859265327454 4.093902825843543E-4 4.598405666911276E-6 
1.0 8.0 1284.0 0.999614953994751 3.8022221997380257E-4 4.7214834921760485E-6 
1.0 8.0 1285.0 0.9995580315589905 4.362245963420719E-4 5.6824756029527634E-6 
1.0 8.0 940.0 0.3451695740222931 0.5917996764183044 0.06303077191114426 
1.0 8.0 941.0 0.12928493320941925 0.8656362891197205 0.005078728776425123 
1.0 8.0 942.0 0.09142409265041351 0.9061099290847778 0.002466062316671014 
1.0 8.0 943.0 0.20030975341796875 0.7972930669784546 0.002397201955318451 
1.0 8.0 944.0 0.24024668335914612 0.7574924230575562 0.002260933630168438 
1.0 8.0 945.0 0.6367005705833435 0.361020565032959 0.0022789044305682182 
1.0 8.0 946.0 0.7632788419723511 0.23515237867832184 0.0015687765553593636 
1.0 8.0 947.0 0.8150738477706909 0.18350990116596222 0.0014163156738504767 
1.0 8.0 948.0 0.8210656642913818 0.17637506127357483 0.002559236716479063 
1.0 8.0 949.0 0.8661683201789856 0.13188375532627106 0.0019479531329125166 
1.0 8.0 950.0 0.8130987286567688 0.18310654163360596 0.003794749267399311 
1.0 8.0 951.0 0.8813642263412476 0.11670620739459991 0.001929504913277924 
1.0 8.0 952.0 0.844845712184906 0.1535399705171585 0.001614317880012095 
1.0 8.0 953.0 0.8643358945846558 0.13316495716571808 0.0024991920217871666 
1.0 8.0 954.0 0.8975704312324524 0.09956364333629608 0.002865908667445183 
1.0 8.0 955.0 0.8770160675048828 0.11931020766496658 0.0036736908368766308 
1.0 8.0 956.0 0.8903995156288147 0.10641199350357056 0.0031885046046227217 
1.0 8.0 959.0 0.9365768432617188 0.06231718882918358 0.001106033567339182 
1.0 8.0 962.0 0.9951272010803223 0.004578772000968456 2.939381811302155E-4 
1.0 8.0 963.0 0.9949359893798828 0.004844701383262873 2.1928298519924283E-4 
1.0 8.0 964.0 0.9945616126060486 0.005074908025562763 3.634784952737391E-4 
1.0 8.0 965.0 0.9970285296440125 0.0028682504780590534 1.0326976916985586E-4 
1.0 8.0 966.0 0.9927351474761963 0.006866121198982 3.986546362284571E-4 
1.0 8.0 967.0 0.9947338104248047 0.004878539126366377 3.876516129821539E-4 
1.0 8.0 968.0 0.9962271451950073 0.0035235711839050055 2.4928999482654035E-4 
1.0 8.0 969.0 0.9961191415786743 0.003586042206734419 2.948879555333406E-4 
1.0 8.0 970.0 0.9953281879425049 0.004356570076197386 3.152581339236349E-4 
1.0 8.0 971.0 0.9954167604446411 0.004279384855180979 3.038480645045638E-4 
1.0 8.0 972.0 0.9950011372566223 0.004563110414892435 4.357527650427073E-4 
1.0 8.0 973.0 0.9957470297813416 0.0039708963595330715 2.8201701934449375E-4 
1.0 8.0 974.0 0.9929123520851135 0.006369108334183693 7.186467992141843E-4 
1.0 8.0 975.0 0.9924936294555664 0.0069908141158521175 5.154585232958198E-4 
1.0 8.0 976.0 0.990341067314148 0.009032797068357468 6.260228110477328E-4 
1.0 8.0 977.0 0.9917297959327698 0.007834916934370995 4.352978430688381E-4 
1.0 8.0 978.0 0.9948639273643494 0.004855320788919926 2.8074069996364415E-4 
1.0 8.0 979.0 0.9969407320022583 0.0027743191458284855 2.8503627981990576E-4 
1.0 8.0 980.0 0.9942725896835327 0.005154632963240147 5.728885298594832E-4 
1.0 8.0 981.0 0.9855719804763794 0.012589365243911743 0.0018386752344667912 
1.0 8.0 982.0 0.9594840407371521 0.038833919912576675 0.0016820986056700349 
1.0 8.0 983.0 0.5738739967346191 0.4211059808731079 0.005020108073949814 
1.0 8.0 984.0 0.34884318709373474 0.6502753496170044 8.814403554424644E-4 
1.0 8.0 985.0 0.5428756475448608 0.456748366355896 3.75971692847088E-4 
1.0 8.0 986.0 0.8497008681297302 0.15027354657649994 2.5598381398594938E-5 
1.0 8.0 987.0 0.9170569777488708 0.08293787389993668 5.111679456604179E-6 
1.0 8.0 988.0 0.8399811387062073 0.16000814735889435 1.0722256774897687E-5 
1.0 8.0 995.0 0.9159190654754639 0.08330260217189789 7.782438187859952E-4 
1.0 8.0 996.0 0.9370816946029663 0.06192152947187424 9.967559017241001E-4 
1.0 8.0 997.0 0.9839456677436829 0.0156421922147274 4.1220648563466966E-4 
1.0 8.0 998.0 0.9587436318397522 0.03962790220975876 0.0016284656012430787 
1.0 8.0 999.0 0.9604141712188721 0.03894122317433357 6.445348262786865E-4 
