1.0 940.0 0.0 
1.0 941.0 0.35348423995728184 
1.0 942.0 0.055483193904870574 
1.0 943.0 0.15393895329384 
1.0 944.0 0.056383226217564905 
1.0 945.0 0.5606831718748143 
1.0 946.0 0.1785087208111527 
1.0 947.0 0.07314158429775101 
1.0 948.0 0.00938690971605194 
1.0 949.0 0.06335692180521181 
1.0 950.0 0.07378052613924758 
1.0 951.0 0.09525052072121115 
1.0 952.0 0.051869329326892345 
1.0 953.0 0.028209774570061227 
1.0 954.0 0.04726221745067878 
1.0 955.0 0.028514227730464695 
1.0 956.0 0.018593440185161583 
1.0 959.0 0.06388297169207166 
1.0 962.0 0.08223459538072479 
1.0 963.0 3.3593712065195915E-4 
1.0 964.0 4.62542335436616E-4 
1.0 965.0 0.00332004906368748 
1.0 966.0 0.005873955478195421 
1.0 967.0 0.0028187332516652923 
1.0 968.0 0.0020211706504827355 
1.0 969.0 1.328404451023089E-4 
1.0 970.0 0.00110441649587302 
1.0 971.0 1.180374354269533E-4 
1.0 972.0 5.202323304798985E-4 
1.0 973.0 9.64731996620102E-4 
1.0 974.0 0.003738644658364756 
1.0 975.0 7.766158605935616E-4 
1.0 976.0 0.002969081105782826 
1.0 977.0 0.0018438709295905955 
1.0 978.0 0.004327200126049965 
1.0 979.0 0.0029400176520891228 
1.0 980.0 0.0035871626977582254 
1.0 981.0 0.011514254671598246 
1.0 982.0 0.03700515863815182 
1.0 983.0 0.5429900339176197 
1.0 984.0 0.3212080220489398 
1.0 985.0 0.2740466100090129 
1.0 986.0 0.4336688297620944 
1.0 987.0 0.09524147593110846 
1.0 988.0 0.10899776165888764 
1.0 995.0 0.10793932774385565 
1.0 996.0 0.03008413018390762 
1.0 997.0 0.06586615772545407 
1.0 998.0 0.03481287382427739 
1.0 999.0 0.0020567813896485705 
1.0 1000.0 0.037797180464804424 
1.0 1001.0 0.0037754002381134547 
1.0 1002.0 0.012346166678982338 
1.0 1003.0 0.017371684673396053 
1.0 1004.0 0.0017756075023006657 
1.0 1005.0 0.00536016885992789 
1.0 1006.0 0.001980544893492752 
1.0 1007.0 1.1505145012977753E-4 
1.0 1008.0 0.01642231868331199 
1.0 1009.0 0.0068175855595025365 
1.0 1010.0 0.001068803910315075 
1.0 1011.0 0.004201028290440234 
1.0 1012.0 0.004641951836329297 
1.0 1013.0 0.007080535991622746 
1.0 1014.0 0.0027812900656678874 
1.0 1015.0 0.012650133079565085 
1.0 1016.0 0.058244779329094463 
1.0 1017.0 0.02803552230185074 
1.0 1018.0 0.0035249892364354186 
1.0 1019.0 0.013391235142073984 
1.0 1020.0 0.005660539461510063 
1.0 1021.0 0.004284810856396531 
1.0 1022.0 0.04567666364452153 
1.0 1023.0 0.0021786375322495246 
1.0 1024.0 7.111974605540256E-4 
1.0 1025.0 0.009081343004456203 
1.0 1026.0 0.017005006174781116 
1.0 1027.0 0.002579721317767251 
1.0 1028.0 0.0018017200689085938 
1.0 1029.0 1.677432424799593E-4 
1.0 1030.0 0.0036150620712693867 
1.0 1031.0 0.0020544847534669877 
1.0 1032.0 5.565619778677401E-5 
1.0 1033.0 0.0011657013858894652 
1.0 1034.0 0.0022788221595514786 
1.0 1035.0 0.0024717964663690303 
1.0 1036.0 0.0050809056247807915 
1.0 1037.0 0.005791114932320888 
1.0 1038.0 0.002061285436971544 
1.0 1039.0 5.394390922476071E-4 
1.0 1040.0 2.620885372660588E-4 
1.0 1041.0 7.623110599822547E-4 
1.0 1042.0 0.0011109094753166948 
1.0 1043.0 7.954661768065127E-5 
1.0 1044.0 0.0012547198559267059 
1.0 1045.0 0.004451293282872477 
1.0 1046.0 0.001803624451679603 
1.0 1047.0 9.80322027307219E-4 
1.0 1048.0 0.0031435169207986377 
1.0 1049.0 2.958179733243453E-4 
1.0 1050.0 0.0015067549995894875 
1.0 1051.0 0.001982351701839797 
1.0 1052.0 2.2215411326868907E-4 
1.0 1053.0 1.496048004173954E-4 
1.0 1054.0 1.3816007457595627E-5 
1.0 1055.0 1.0383671254844893E-4 
1.0 1056.0 1.035813289389416E-4 
1.0 1057.0 6.882910296250777E-4 
1.0 1058.0 7.183454153815316E-4 
1.0 1059.0 3.464629633848585E-5 
1.0 1060.0 5.566825593116882E-4 
1.0 1061.0 6.475375445740111E-4 
1.0 1062.0 5.651486850985107E-4 
1.0 1063.0 2.393973363600207E-5 
1.0 1064.0 5.543826228494838E-4 
1.0 1065.0 3.592455439044441E-4 
1.0 1066.0 4.045905578778307E-5 
1.0 1067.0 1.834174188530752E-4 
1.0 1068.0 7.25432993875427E-5 
1.0 1069.0 0.0015981792671734057 
1.0 1070.0 5.764714596665006E-4 
1.0 1071.0 9.441832492189714E-4 
1.0 1072.0 0.0011375740073346085 
1.0 1073.0 5.950946508752378E-4 
1.0 1074.0 6.589161206267074E-5 
1.0 1075.0 4.5473428589984964E-5 
1.0 1076.0 2.2434898300317208E-4 
1.0 1077.0 6.684122366539579E-4 
1.0 1078.0 2.6014590979309127E-4 
1.0 1079.0 7.435603171000687E-4 
1.0 1080.0 1.947018485612841E-5 
1.0 1081.0 6.611175181761192E-4 
1.0 1082.0 3.604478546566066E-4 
1.0 1083.0 8.474582113481813E-4 
1.0 1084.0 1.2270421786985953E-5 
1.0 1085.0 3.646110717870859E-4 
1.0 1086.0 9.256376479921463E-5 
1.0 1087.0 4.097886756322209E-4 
1.0 1088.0 3.070605859327054E-5 
1.0 1089.0 2.740605356018295E-4 
1.0 1090.0 1.6577324612486203E-4 
1.0 1091.0 3.874390635941889E-4 
1.0 1092.0 3.6798826685416564E-4 
1.0 1093.0 0.0011153072321049516 
1.0 1094.0 3.526037875643282E-4 
1.0 1095.0 6.739608013717368E-4 
1.0 1096.0 4.7399091813804246E-4 
1.0 1097.0 1.5240108518099467E-4 
1.0 1098.0 5.3428259634551194E-5 
1.0 1099.0 4.041609824282388E-4 
1.0 1100.0 1.4815190231578233E-4 
1.0 1101.0 1.4890486646159897E-4 
1.0 1102.0 6.766432977833305E-5 
1.0 1103.0 3.418885488184391E-5 
1.0 1104.0 2.4041206527428797E-4 
1.0 1105.0 1.02827291783621E-4 
1.0 1106.0 6.752994838524006E-5 
1.0 1107.0 2.306050300239551E-4 
1.0 1108.0 8.295305070870459E-4 
1.0 1109.0 4.930118770110803E-4 
1.0 1110.0 1.1160159371224772E-4 
1.0 1111.0 6.771930677740682E-5 
1.0 1112.0 2.58869798487039E-4 
1.0 1113.0 2.1210885388654136E-4 
1.0 1114.0 7.958616329138E-5 
1.0 1115.0 3.7753797666521485E-4 
1.0 1116.0 2.5755694200228297E-4 
1.0 1117.0 1.4026095624134575E-4 
1.0 1118.0 2.494196036367622E-4 
1.0 1119.0 3.265978447627177E-4 
1.0 1120.0 2.625910556091245E-4 
1.0 1121.0 1.804318878950471E-4 
1.0 1122.0 2.7818583967935723E-6 
1.0 1123.0 2.1058586112619181E-4 
1.0 1124.0 6.100625795646412E-5 
1.0 1125.0 2.4220010806893475E-4 
1.0 1126.0 4.893085969196763E-6 
1.0 1127.0 3.4722320012687054E-6 
1.0 1128.0 3.0232936130404175E-4 
1.0 1129.0 2.876105385438459E-5 
1.0 1130.0 1.2486266281338214E-4 
1.0 1131.0 6.99056098003281E-5 
1.0 1132.0 6.484745122926352E-5 
1.0 1133.0 3.636340048392824E-5 
1.0 1134.0 1.6365160939137166E-5 
1.0 1135.0 1.2517734303491924E-5 
1.0 1136.0 1.388778774532473E-4 
1.0 1137.0 1.9680771512331748E-4 
1.0 1138.0 1.5147022586901724E-4 
1.0 1139.0 1.652039462369818E-4 
1.0 1140.0 1.4689973001959206E-4 
1.0 1141.0 1.9586464622171315E-4 
1.0 1142.0 1.740400027727763E-4 
1.0 1143.0 4.186549445608102E-5 
1.0 1144.0 2.4860145321019337E-5 
1.0 1145.0 2.8128606482936936E-5 
1.0 1146.0 3.788405558942261E-5 
1.0 1147.0 3.6243802123737066E-5 
1.0 1148.0 2.2252161776818355E-5 
1.0 1149.0 1.4189470783199126E-4 
1.0 1150.0 1.3055009532623852E-4 
1.0 1151.0 1.4706951940890691E-4 
1.0 1152.0 1.5998648514170926E-4 
1.0 1153.0 2.297359503565679E-4 
1.0 1154.0 1.0613442533342343E-4 
1.0 1155.0 1.766452272945408E-4 
1.0 1156.0 4.7392621425601145E-5 
1.0 1157.0 5.290441258933637E-8 
1.0 1158.0 1.0879300117224186E-5 
1.0 1159.0 3.288339136939792E-5 
1.0 1160.0 3.4134891192268245E-5 
1.0 1161.0 2.2575921571941774E-4 
1.0 1162.0 1.2821713813944188E-4 
1.0 1163.0 1.6529588574571775E-4 
1.0 1164.0 2.009146859965405E-4 
1.0 1165.0 1.4671905215350234E-4 
1.0 1166.0 9.955896182888795E-5 
1.0 1167.0 1.7965167301504687E-4 
1.0 1168.0 1.3261526394783545E-4 
1.0 1169.0 5.5968186833750155E-5 
1.0 1170.0 1.6465735065087037E-4 
1.0 1171.0 6.384075333971408E-5 
1.0 1172.0 6.453709737946884E-6 
1.0 1173.0 3.214413492794606E-5 
1.0 1174.0 3.558297850792728E-5 
1.0 1175.0 2.4103802924034645E-4 
1.0 1176.0 3.165880860040045E-5 
1.0 1177.0 1.00929345851718E-4 
1.0 1178.0 4.8068795181569355E-5 
1.0 1179.0 1.3131926607611177E-4 
1.0 1180.0 3.238588714175401E-4 
1.0 1181.0 3.9858013862982414E-4 
1.0 1182.0 8.535398173189526E-5 
1.0 1183.0 7.821998920186101E-6 
1.0 1184.0 1.1016509620721366E-5 
1.0 1185.0 2.9174710377976792E-5 
1.0 1186.0 9.432805687979893E-5 
1.0 1187.0 2.3032848679982622E-4 
1.0 1188.0 7.839116526561894E-5 
1.0 1189.0 1.539670402743633E-4 
1.0 1190.0 7.795594621497663E-6 
1.0 1191.0 2.5013386821544244E-5 
1.0 1192.0 1.8984402302526157E-4 
1.0 1193.0 3.206325145940017E-4 
1.0 1194.0 4.209085364152894E-5 
1.0 1195.0 1.1489759609635786E-4 
1.0 1196.0 2.5182384557349125E-4 
1.0 1197.0 2.6101114312832756E-4 
1.0 1198.0 1.0391747730314184E-4 
1.0 1199.0 4.897442164685266E-5 
1.0 1200.0 1.491840732160725E-4 
1.0 1201.0 3.741027301760643E-4 
1.0 1202.0 1.8594490232045485E-4 
1.0 1203.0 6.935602976059802E-5 
1.0 1204.0 2.6266206549488224E-4 
1.0 1205.0 4.55056567175607E-4 
1.0 1206.0 1.988804074371569E-4 
1.0 1207.0 1.370014093741537E-4 
1.0 1208.0 4.4387510098575555E-5 
1.0 1209.0 6.648398679114062E-6 
1.0 1210.0 2.9029742098884882E-5 
1.0 1211.0 2.2904850351199408E-5 
1.0 1212.0 2.897212470470815E-5 
1.0 1213.0 1.1063774506563232E-4 
1.0 1214.0 7.203306058631379E-4 
1.0 1215.0 3.6400476048593846E-4 
1.0 1216.0 7.918013821804353E-4 
1.0 1217.0 3.4399482459685523E-4 
1.0 1218.0 2.1979101542535882E-4 
1.0 1219.0 3.88274037704348E-5 
1.0 1220.0 4.0918156033225366E-5 
1.0 1221.0 1.3462785086513045E-4 
1.0 1222.0 1.0205263319534009E-4 
1.0 1223.0 1.82103919133992E-4 
1.0 1224.0 7.176502098336906E-5 
1.0 1225.0 4.4965670942660636E-5 
1.0 1226.0 2.1254649772538698E-4 
1.0 1227.0 4.5348537574688754E-4 
1.0 1228.0 9.281284575424574E-5 
1.0 1229.0 1.3872977585300188E-5 
1.0 1230.0 1.2576307861437806E-4 
1.0 1231.0 3.6804876900864913E-4 
1.0 1232.0 8.797092262265734E-5 
1.0 1233.0 1.5397004445147542E-4 
1.0 1234.0 1.2035997601306332E-4 
1.0 1235.0 1.541923572713559E-4 
1.0 1236.0 6.218822883153128E-4 
1.0 1237.0 2.9508824462897312E-5 
1.0 1238.0 9.17404803104139E-5 
1.0 1239.0 2.528925327196482E-4 
1.0 1240.0 2.502581328849376E-4 
1.0 1241.0 2.800817322214745E-5 
1.0 1242.0 2.9326850829909635E-4 
1.0 1243.0 5.822736568140355E-4 
1.0 1244.0 4.2254996701075395E-4 
1.0 1245.0 2.2204316504264565E-4 
1.0 1246.0 3.3203338053118086E-4 
1.0 1247.0 1.1095985654543574E-4 
1.0 1248.0 0.0011135850206135155 
1.0 1249.0 4.637705965226128E-4 
1.0 1250.0 0.0011512844397870913 
1.0 1251.0 6.263725991260534E-4 
1.0 1252.0 3.8839660709448976E-5 
1.0 1253.0 3.8403731859308615E-4 
1.0 1254.0 3.856280515542359E-4 
1.0 1255.0 4.229611845116038E-5 
1.0 1256.0 1.823879962892805E-4 
1.0 1257.0 2.8879804956611466E-4 
1.0 1258.0 3.187676235500361E-4 
1.0 1259.0 4.8584545640329547E-4 
1.0 1260.0 5.849350105070032E-4 
1.0 1261.0 2.714049160822703E-4 
1.0 1262.0 3.520619245374375E-4 
1.0 1263.0 1.4862038614735871E-4 
1.0 1264.0 3.201782223610875E-5 
1.0 1265.0 1.3263023202037463E-4 
1.0 1266.0 2.295148714140022E-4 
1.0 1267.0 0.0030108595351696797 
1.0 1268.0 0.008358996780393715 
1.0 1269.0 0.04547157102538537 
1.0 1270.0 0.009248095700855309 
1.0 1271.0 0.052783558802169755 
1.0 1272.0 0.013603171696670822 
1.0 1273.0 2.252417235589288E-4 
1.0 1274.0 6.635829184117779E-4 
1.0 1275.0 5.487645115120931E-4 
1.0 1276.0 1.5326842655031774E-4 
1.0 1277.0 1.0553201885561453E-4 
1.0 1278.0 3.1055353537471226E-4 
1.0 1279.0 3.1242794841729223E-4 
1.0 1280.0 2.3865158491872897E-4 
1.0 1281.0 1.3595217380120325E-4 
1.0 1282.0 2.5671987198013788E-5 
1.0 1283.0 4.717041456248324E-5 
1.0 1284.0 4.1150754246934194E-5 
1.0 1285.0 7.985833305071107E-5 
